0
0
14.3886000000000
19.0908000000000
518.030000000000
2872.96000000000
3064.32000000000
1781.04000000000
918.385000000000
611.844000000000
685.171000000000
775.665000000000
675.475000000000
689.854000000000
542.310000000000
455.860000000000
435.105000000000
341.484000000000
334.132000000000
365.889000000000
354.081000000000
381.954000000000
413.801000000000
403.893000000000
424.867000000000
464.126000000000
482.129000000000
470.751000000000
501.461000000000
549.566000000000
555.544000000000
578.442000000000
